00000000 00000000 10111000 00100000
10000000 00000110 00000000 00000000
10001100 11010111 00100000 00000000
00011000 10000000 00000000 01000000
00100010 11110110 00000000 00000001
10001100 11010111 00100000 00000000
10001100 11010110 00101000 00000000
00011000 10100000 00000000 00111000
00000000 10000101 01000000 00101010
00011001 00000000 00000000 00110000
10101100 11010110 00100000 00000000
10101100 11010111 00101000 00000000
00100010 11010110 00000000 00000001
00001000 00000000 00000000 00010100
00100010 11110111 00000000 00000001
00001000 00000000 00000000 00001000
11111111 11111111 11111111 11111111
