00000000 00000000 10111000 00100000
10000000 00000000 00000000 00000000
10001100 00010111 00010000 00000000
00011000 01100000 00000000 00111100
00100010 11110110 00000000 00000001
10001100 00010110 00011000 00000000
00011000 01100000 00000000 00110100
00000000 01000011 01000000 00101010
00011001 00000000 00000000 00110000
10101100 00010110 00010000 00000000
10101100 00010111 00011000 00000000
00100010 11010110 00000000 00000001
00001000 00000000 00000000 00010100
00100010 11110111 00000000 00000001
00001000 00000000 00000000 00000100
00000000 00000000 10111000 00100000
11110000 00000010 00000000 00000001
10000000 00000000 00000000 00000000
10001100 00010111 00100000 00000000
00011000 10000000 00000000 01011100
00000000 00000000 00000000 00001100
00100010 11110111 00000000 00000001
00001000 00000000 00000000 01000000
00000000 00000000 00000000 00000000
